Vernier Format 2
Sin título.cmbl 20/01/2026 14:57:00 .
Último
Tiempo	Potencial	Corriente	Angulo	Velocidad 1	Aceleración 1	Posición	Velocidad 2	Aceleración 2
t	Pot	I	Angulo	v 1	a 1	x	v 2	a 2
s	V	A	rad	rad/s	rad/s²	m	m/s	m/s²

0	 	 	0	0.1745329252	-2.84424026251	0.4285785	-0.0270588888889	0.236267716049
0.05	 	 	0.01745329252	0	-1.91501404039	0.426692	-0.0146727777778	0.21010867284
0.1	 	 	0	-0.0872664625999	-0.562383870088	0.426692	-0.00280116666667	0.150983518519
0.15	 	 	0	-0.0290888208666	0.333982758098	0.4268635	0.00133388888889	0.0731309876543
0.2	 	 	0	-0.00969627362221	0.527908230542	0.4268635	0.00381111111111	-0.00120685185185
0.25	 	 	0	0.00969627362221	0.942693268825	0.427378	0.00219138888889	-0.0943567592593
0.3	 	 	0	0.048481368111	2.09008564745	0.427378	-0.00552611111111	-0.199130555556
0.35	 	 	0	0.193925472444	3.92160399831	0.4268635	-0.0163877777778	-0.344746759259
0.4	 	 	0.01745329252	0.416939765754	6.30257785442	0.426006	-0.0354433333333	-0.580347530864
0.45	 	 	0.0349065850399	0.795094437019	9.16836539165	0.4241195	-0.0721252777778	-0.854800462963
0.5	 	 	0.0872664625997	1.37687085435	11.1991960336	0.419489	-0.124528055556	-1.04826728395
0.55	 	 	0.174532925199	1.95864727168	12.2550124947	0.411943	-0.183790833333	-1.08320246914
0.6	 	 	0.279252680319	2.61799387799	12.7344393571	0.400967	-0.240195277778	-0.930758024691
0.65	 	 	0.436332312999	3.2773404843	12.082634297	0.3874185	-0.284023055556	-0.577489197531
0.7	 	 	0.610865238198	3.85911690163	10.2888236769	0.3719835	-0.308509444444	0.0251956790123
0.75	 	 	0.820304748437	4.40210822447	6.31873831046	0.355005	-0.293455555556	0.851412808642
0.8	 	 	1.06465084372	4.62512251778	-0.0215472747168	0.339913	-0.220186944444	1.58431064815
0.85	 	 	1.308996939	4.33423430912	-5.01512819014	0.3315095	-0.113571111111	1.87099089506
0.9	 	 	1.50098315672	3.92699081699	-6.12481283801	0.3291085	-0.0139105555556	1.73966635802
0.95	 	 	1.69296937443	3.64579888194	-5.06360955825	0.3311665	0.0649794444444	1.47029490741
1	 	 	1.86750229963	3.38399949414	-2.73111707025	0.3363115	0.127481666667	1.28587947531
1.05	 	 	2.02458193231	3.29673303154	0.996561455613	0.3438575	0.187983055556	1.21415648148
1.1	 	 	2.18166156499	3.51005105123	4.22865266301	0.355005	0.249151388889	1.15291404321
1.15	 	 	2.37364778271	3.81063553352	5.76389598653	0.369068	0.304793611111	1.05652469136
1.2	 	 	2.56563400043	4.09182746856	6.88974109044	0.385532	0.357101111111	0.893652623457
1.25	 	 	2.77507351067	4.50876723432	7.68699025493	0.405083	0.400071388889	0.599879475309
1.3	 	 	3.01941960595	4.88692190558	8.02097301302	0.4265205	0.421413611111	0.191878858025
1.35	 	 	3.26376570123	5.28446912409	8.65123079846	0.447958	0.422271111111	-0.31769845679
1.4	 	 	3.54301838155	5.7692828052	8.52733396885	0.469567	0.397689444444	-0.994435339506
1.45	 	 	3.83972435439	6.23470393907	6.14636011273	0.4896325	0.328613055556	-1.75713395062
1.5	 	 	4.17133691227	6.54498469498	0.641031422801	0.504553	0.213136388889	-2.31186234568
1.55	 	 	4.52040276267	6.33166667529	-5.45684732182	0.511756	0.0778419444444	-2.44016975309
1.6	 	 	4.8171087355	5.82746044694	-8.29031394697	0.511756	-0.0471625	-2.19350617284
1.65	 	 	5.09636141582	5.39112813394	-8.51656033149	0.505925	-0.147585277778	-1.7792595679
1.7	 	 	5.35816080362	4.9354032737	-7.35839431551	0.495978	-0.223331111111	-1.37702854938
1.75	 	 	5.58505360638	4.60572997054	-5.07438319561	0.482944	-0.281450555556	-1.05382515432
1.8	 	 	5.81194640914	4.42150077172	-2.63954115271	0.4673375	-0.326135833333	-0.798216049383
1.85	 	 	6.02138591938	4.37301940361	-0.732607340345	0.4498445	-0.359101944444	-0.594321604938
1.9	 	 	6.24827872214	4.37301940361	0.73799415902	0.431151	-0.384255277778	-0.407418364198
1.95	 	 	6.45771823238	4.42150077172	2.65031479007	0.411257	-0.402739166667	-0.142599074074
2	 	 	6.68461103514	4.60572997054	5.03667546486	0.390334	-0.406169166667	0.303883179012
2.05	 	 	6.9115038379	4.94509954732	6.65810788724	0.3695825	-0.381968611111	0.969927777778
2.1	 	 	7.1733032257	5.38143186032	5.60229142615	0.350546	-0.316989166667	1.78222376543
2.15	 	 	7.45255590602	5.70140888985	0.522521411863	0.3356255	-0.200845555556	2.48172145062
2.2	 	 	7.76671517137	5.53657223827	-6.48034287083	0.328594	-0.0466861111111	2.68598641975
2.25	 	 	8.02851455917	4.90631445283	-10.5527777921	0.3315095	0.0967069444444	2.27332777778
2.3	 	 	8.25540736193	4.26636039376	-10.051803655	0.340599	0.192175277778	1.58288148148
2.35	 	 	8.44739357965	3.78154671265	-6.51266378291	0.3524325	0.247341111111	1.01857237654
2.4	 	 	8.62192650485	3.57792496659	-1.76687652671	0.3661525	0.280688333333	0.737926388889
2.45	 	 	8.79645943005	3.60701378745	2.97891072948	0.3805585	0.310510277778	0.694098611111
2.5	 	 	8.97099235525	3.90759826974	6.91667518383	0.3966795	0.348716666667	0.688805401235
2.55	 	 	9.18043186549	4.37301940361	9.18991266637	0.415373	0.386827777778	0.525880401235
2.6	 	 	9.40732466825	4.88692190558	9.97100137482	0.435953	0.410837777778	0.135188580247
2.65	 	 	9.66912405605	5.41052068118	9.44847996296	0.4573905	0.409885	-0.483799382716
2.7	 	 	9.94837673637	5.89533436229	7.26143157929	0.478485	0.370058888889	-1.25713734568
2.75	 	 	10.2625360017	6.25409648631	2.75266434497	0.4964925	0.282308055556	-1.96653333333
2.8	 	 	10.5941485596	6.19591884458	-2.22475611442	0.508326	0.158446944444	-2.34494490741
2.85	 	 	10.8908545324	5.92442318316	-5.11209092636	0.512442	0.0293455555556	-2.31583225309
2.9	 	 	11.1875605053	5.59474988	-5.97398191501	0.510384	-0.0827963888889	-2.0450316358
2.95	 	 	11.4493598931	5.27477285047	-5.41375277239	0.5033525	-0.1757875	-1.72526882716
3	 	 	11.7111592809	5.04206228354	-4.29868130584	0.492205	-0.2529625	-1.44197623457
3.05	 	 	11.9555053762	4.80935171661	-2.4617761363	0.4776275	-0.318323055556	-1.19324830247
3.1	 	 	12.1823981789	4.77056662212	-0.247793659233	0.459963	-0.372536111111	-0.937639197531
3.15	 	 	12.4267442742	4.8481368111	0.856504169961	0.4398975	-0.4141725	-0.626451388889
3.2	 	 	12.6710903695	4.88692190558	1.43289376861	0.4179455	-0.439325833333	-0.208076080247
3.25	 	 	12.9154364648	4.94509954732	2.74727752629	0.395136	-0.441803055556	0.36957191358
3.3	 	 	13.15978256	5.12932874614	4.40641767942	0.3723265	-0.4090275	1.09987608025
3.35	 	 	13.4215819478	5.43960950205	4.60572997054	0.352604	-0.334710833333	1.88544135802
3.4	 	 	13.7008346282	5.75958653158	1.29822330164	0.337169	-0.218376666667	2.57197067901
3.45	 	 	14.0149938935	5.71110516347	-4.7188531628	0.3287655	-0.0610730555556	2.85801574074
3.5	 	 	14.2942465738	5.20689893512	-9.16836539165	0.330995	0.0964211111111	2.51872098765
3.55	 	 	14.5385926691	4.60572997054	-9.81478363313	0.340599	0.208658333333	1.7751308642
3.6	 	 	14.7480321794	4.11122001581	-7.73547162304	0.353976	0.272113333333	1.03207006173
3.65	 	 	14.9400183971	3.83002808077	-5.00974137147	0.3692395	0.299934444444	0.535302314815
3.7	 	 	15.1320046148	3.59731751383	-1.87461290029	0.384503	0.312606388889	0.330084567901
3.75	 	 	15.2890842475	3.59731751383	2.05776473538	0.400281	0.326612222222	0.285092283951
3.8	 	 	15.4810704652	3.83972435439	5.35449776692	0.417088	0.341666111111	0.247087037037
3.85	 	 	15.6730566829	4.14030883668	8.33879531508	0.434581	0.354052222222	0.135082716049
3.9	 	 	15.8824961931	4.70269270676	10.3803995944	0.4525885	0.361388611111	-0.141646296296
3.95	 	 	16.1442955809	5.26507657685	10.2134082154	0.471282	0.351384444444	-0.671496604938
4	 	 	16.4060949687	5.83715672056	7.39610204626	0.4892895	0.303936111111	-1.38629166667
4.05	 	 	16.7377075266	6.16683002371	1.5136960488	0.503867	0.208848888889	-2.00300354938
4.1	 	 	17.051866792	5.93411945678	-3.3344407623	0.511413	0.0856547222222	-2.24368580247
4.15	 	 	17.3311194723	5.64323124812	-4.58418269583	0.5119275	-0.0312511111111	-2.13295185185
4.2	 	 	17.6103721526	5.4202169548	-4.35254949263	0.5074685	-0.131578611111	-1.88687052469
4.25	 	 	17.8721715404	5.22629148236	-4.05088764661	0.498379	-0.219805833333	-1.60913580247
4.3	 	 	18.1339709282	5.03236600992	-3.98085900378	0.485002	-0.294313055556	-1.29149027778
4.35	 	 	18.3783170235	4.78995916936	-3.22670438872	0.468195	-0.350622222222	-0.942985339506
4.4	 	 	18.6052098263	4.69299643314	-2.05776473538	0.4491585	-0.388066388889	-0.601414506173
4.45	 	 	18.8495559215	4.5863374233	-0.829570076565	0.42875	-0.409122777778	-0.281016512346
4.5	 	 	19.0589954318	4.5863374233	0.818796439207	0.407827	-0.417221388889	0.0760634259259
4.55	 	 	19.3033415271	4.69299643314	1.97157563651	0.3863895	-0.407121944444	0.558592438272
4.6	 	 	19.5302343298	4.78995916936	2.75266434497	0.365981	-0.368248611111	1.18393225309
4.65	 	 	19.7745804251	5.01297346267	2.39713431215	0.3479735	-0.291168888889	1.84563641975
4.7	 	 	20.0363798129	5.12932874614	0.0538681867918	0.3352825	-0.177216666667	2.34213950617
4.75	 	 	20.2981792007	5.03236600992	-2.73111707025	0.32928	-0.0416363888889	2.48473858025
4.8	 	 	20.542525296	4.82874426385	-4.92893909128	0.331338	0.08918	2.22685339506
4.85	 	 	20.7868713913	4.4990709607	-5.8985664535	0.33957	0.190650833333	1.74236589506
4.9	 	 	20.9963109015	4.12091628943	-4.27174721244	0.3517465	0.261251666667	1.27910416667
4.95	 	 	21.1882971192	3.96577591148	-0.420171856959	0.3664955	0.311177222222	0.96299367284
5	 	 	21.3802833369	4.08213119494	3.61994215229	0.383131	0.351956111111	0.772543981481
5.05	 	 	21.5897228472	4.38271567723	6.72813653006	0.4018245	0.387685277778	0.604696296296
5.1	 	 	21.8166156499	4.77056662212	9.36229086409	0.422233	0.415125277778	0.359461882716
5.15	 	 	22.0609617452	5.31355794496	11.5439524291	0.4436705	0.431036666667	-0.0816742283951
5.2	 	 	22.3402144255	5.99229709851	11.6840097147	0.466137	0.421604166667	-0.836009567901
5.25	 	 	22.6543736909	6.70982134656	7.19678975514	0.488089	0.359101944444	-1.79730941358
5.3	 	 	23.0383461263	6.88435427176	-0.576389598654	0.5050675	0.2323825	-2.54026435185
5.35	 	 	23.3699586842	6.50619960049	-5.82853781067	0.512442	0.0785088888889	-2.72626774691
5.4	 	 	23.6841179496	6.1183486556	-7.35300749683	0.5119275	-0.0594533333333	-2.46727098765
5.45	 	 	23.9808239224	5.73049771071	-7.30452612872	0.5054105	-0.172929166667	-2.04614320988
5.5	 	 	24.2600766027	5.3329504922	-5.92550054689	0.4937485	-0.263061944444	-1.61718148148
5.55	 	 	24.504422698	5.10993619889	-3.99701945981	0.4783135	-0.33271	-1.22701898148
5.6	 	 	24.7662220858	4.99358091543	-2.97891072948	0.4597915	-0.384541111111	-0.862740277778
5.65	 	 	25.0105681811	4.79965544298	-1.7938106201	0.4392115	-0.419126944444	-0.489727777778
5.7	 	 	25.2374609838	4.77056662212	0.0107736373595	0.4172595	-0.436181666667	-0.0553140432099
5.75	 	 	25.4818070791	4.8481368111	1.06120327976	0.3946215	-0.42875	0.470407561728
5.8	 	 	25.7261531744	4.89661817921	1.73994243331	0.373184	-0.391686944444	1.06128858025
5.85	 	 	25.9704992697	4.98388464181	2.66108842742	0.354319	-0.324230277778	1.68011774691
5.9	 	 	26.214845365	5.21659520874	2.14395383424	0.3393985	-0.22295	2.24003348765
5.95	 	 	26.4940980453	5.37173558669	-1.66452697181	0.3304805	-0.08918	2.52274382716
6	 	 	26.7733507256	5.10993619889	-6.55575833234	0.3301375	0.0506877777778	2.34055154321
6.05	 	 	27.0176968209	4.57664114967	-8.75358035337	0.3369975	0.160733611111	1.80620200617
6.1	 	 	27.2271363311	4.08213119494	-7.62773524945	0.3479735	0.231620277778	1.23024783951
6.15	 	 	27.4191225488	3.74276161817	-4.60572997054	0.361179	0.275829166667	0.807637962963
6.2	 	 	27.593655474	3.59731751383	-0.921145994108	0.3760995	0.304793611111	0.560445061728
6.25	 	 	27.7681883992	3.68458397643	2.19243520235	0.3918775	0.327088611111	0.43219058642
6.3	 	 	27.9601746169	3.85911690163	4.50876723432	0.408856	0.346811111111	0.337600925926
6.35	 	 	28.1521608347	4.11122001581	7.09444020023	0.426692	0.362627222222	0.19849537037
6.4	 	 	28.3616003449	4.56694487605	9.49696133107	0.4453855	0.371011666667	-0.0585958333333
6.45	 	 	28.6059464402	5.10993619889	10.5581646108	0.4642505	0.365009166667	-0.513600154321
6.5	 	 	28.867745828	5.72080143709	9.21684675976	0.482944	0.330518611111	-1.18705524691
6.55	 	 	29.1819050933	6.2056151182	4.39564404206	0.499408	0.249056111111	-1.8906816358
6.6	 	 	29.5135176512	6.19591884458	-1.27128920824	0.509698	0.127481666667	-2.29158935185
6.65	 	 	29.8102236241	5.95351200403	-4.73501361884	0.5122705	9.52777777781E-005	-2.26157685185
6.7	 	 	30.1069295969	5.67232006898	-6.77661789818	0.5088405	-0.110141111111	-1.95033611111
6.75	 	 	30.3861822772	5.23598775598	-7.47151750777	0.5002655	-0.197225	-1.55392762346
6.8	 	 	30.6305283725	4.81904799023	-6.04401055783	0.4882605	-0.262871388889	-1.19541851852
6.85	 	 	30.8574211753	4.59603369692	-3.88928308623	0.4735115	-0.314607222222	-0.884548302469
6.9	 	 	31.084313978	4.4990709607	-2.88733481194	0.45619	-0.350908055556	-0.593157098765
6.95	 	 	31.3112067808	4.35362685636	-2.75266434497	0.4378395	-0.372917222222	-0.323626851852
7	 	 	31.520646291	4.19848647841	-2.14934065292	0.41846	-0.382921388889	-0.0553140432099
7.05	 	 	31.7300858013	4.08213119494	-0.457879587714	0.3990805	-0.379967777778	0.250633487654
7.1	 	 	31.922072019	4.11122001581	1.95541518048	0.3798725	-0.361198055556	0.629944907407
7.15	 	 	32.1315115292	4.33423430912	3.19977029532	0.3620365	-0.3198475	1.07272191358
7.2	 	 	32.358404332	4.51846350794	2.52103114177	0.3469445	-0.254486944444	1.52169197531
7.25	 	 	32.5852971347	4.64451506503	0.404011400922	0.3356255	-0.165402222222	1.89481033951
7.3	 	 	32.82964323	4.60572997054	-2.6664752461	0.3294515	-0.0561186111111	2.05122469136
7.35	 	 	33.0565360328	4.34393058274	-4.97742045939	0.329966	0.0538319444444	1.8948632716
7.4	 	 	33.265975543	4.02395355321	-5.45146050314	0.335797	0.143107222222	1.51740447531
7.45	 	 	33.4579617607	3.72336907092	-4.12630310811	0.345401	0.206466944444	1.10924506173
7.5	 	 	33.6324946859	3.55853241934	-1.49214877408	0.357406	0.247626944444	0.833627623457
7.55	 	 	33.8070276111	3.55853241934	1.60527196634	0.37044	0.280974166667	0.744913425926
7.6	 	 	33.9815605363	3.72336907092	4.72423998148	0.385189	0.318418333333	0.744172376543
7.65	 	 	34.173546754	4.04334610045	7.66005616153	0.4021675	0.357863333333	0.696586419753
7.7	 	 	34.3829862643	4.46998213983	10.773637358	0.421204	0.392639722222	0.519740277778
7.75	 	 	34.609879067	5.12932874614	13.2192530383	0.4416125	0.418936388889	0.100729783951
7.8	 	 	34.8891317474	5.91472690954	12.6320898022	0.4639075	0.419603333333	-0.679648148148
7.85	 	 	35.2032910127	6.60316233671	7.52538569456	0.486031	0.363294166667	-1.68096466049
7.9	 	 	35.5698101556	6.83587290364	-0.845730532602	0.5033525	0.240766944444	-2.4395345679
7.95	 	 	35.918876006	6.41893313789	-7.28836567268	0.5112415	0.090895	-2.60616481481
8	 	 	36.2155819789	5.8565492678	-8.75896717205	0.5112415	-0.039445	-2.32107253086
8.05	 	 	36.4948346592	5.43960950205	-7.63312206814	0.5060965	-0.143488333333	-1.91418348765
8.1	 	 	36.756634047	5.10023992527	-6.13558647537	0.496321	-0.229238333333	-1.51084089506
8.15	 	 	37.0009801423	4.85783308472	-5.07977001429	0.4824295	-0.295170555556	-1.11263271605
8.2	 	 	37.2453262376	4.5863374233	-3.90544354227	0.465794	-0.338426666667	-0.773285030864
8.25	 	 	37.4547657478	4.42150077172	-1.83151835086	0.447958	-0.366533611111	-0.55351095679
8.3	 	 	37.6816585506	4.39241195085	0.571002779974	0.429093	-0.390353055556	-0.394926388889
8.35	 	 	37.8910980608	4.46028586621	3.26979893815	0.408856	-0.409789722222	-0.143710648148
8.4	 	 	38.1179908636	4.74147780125	5.19289320655	0.38759	-0.414363055556	0.333631018519
8.45	 	 	38.3623369588	5.07115110441	4.93432590996	0.366324	-0.388923888889	1.07896790123
8.5	 	 	38.6241363466	5.38143186032	1.74532925199	0.3466015	-0.313845	1.94800709877
8.55	 	 	38.9208423195	5.30386167134	-2.65570160874	0.332367	-0.183314444444	2.56207237654
8.6	 	 	39.1651884148	4.98388464181	-4.73501361884	0.3273935	-0.0322991666667	2.63210154321
8.65	 	 	39.40953451	4.78026289574	-5.39220549767	0.3301375	0.0999463888889	2.25395462963
8.7	 	 	39.6538806053	4.4118044981	-4.81042908034	0.3390555	0.196843888889	1.75147021605
8.75	 	 	39.845866823	4.16939765754	-1.68068742785	0.350889	0.267444722222	1.37311157407
8.8	 	 	40.0553063333	4.22757529928	1.89616017501	0.365981	0.328708333333	1.10929799383
8.85	 	 	40.2647458435	4.4118044981	4.60034315186	0.38416	0.378824444444	0.852577314815
8.9	 	 	40.4916386463	4.72208525401	6.52882423894	0.404397	0.4158875	0.550335030864
8.95	 	 	40.7359847415	5.08084737803	7.91323663944	0.426349	0.437134444444	0.151597530864
9	 	 	40.9977841293	5.5074834174	8.7697408094	0.4488155	0.437801388889	-0.414722993827
9.05	 	 	41.2770368097	6.06017101387	7.0782797442	0.471282	0.405978611111	-1.17980354938
9.1	 	 	41.6086493675	6.45771823238	0.781088708453	0.4916905	0.322896388889	-1.95906990741
9.15	 	 	41.9577152179	6.17652629734	-6.26487012367	0.505925	0.191698888889	-2.34314521605
9.2	 	 	42.2369678983	5.62383870087	-9.35151722673	0.5105555	0.0626927777778	-2.18948333333
9.25	 	 	42.5162205786	5.09054365165	-8.92595855109	0.5105555	-0.0353480555556	-1.82091712963
9.3	 	 	42.7431133813	4.64451506503	-6.20022829952	0.506268	-0.1140475	-1.52079212963
9.35	 	 	42.9700061841	4.44089331896	-2.75266434496	0.498722	-0.180837222222	-1.35119768519
9.4	 	 	43.1794456943	4.4118044981	-0.172378197728	0.4882605	-0.246483611111	-1.24432777778
9.45	 	 	43.4063384971	4.4990709607	0.878051444675	0.474026	-0.308795277778	-1.08002654321
9.5	 	 	43.6332312999	4.53785605519	1.01810873033	0.4567045	-0.357196388889	-0.857764660494
9.55	 	 	43.8601241026	4.57664114967	1.44366740597	0.4378395	-0.394068888889	-0.61612962963
9.6	 	 	44.0870169054	4.68330015952	1.87999971897	0.417088	-0.421985277778	-0.281281172839
9.65	 	 	44.3313630007	4.7608703485	2.27323748254	0.3949645	-0.430846111111	0.246663580247
9.7	 	 	44.5582558034	4.91601072645	2.2570770265	0.3726695	-0.406264444444	0.960611728395
9.75	 	 	44.8200551912	5.09054365165	0.253180477912	0.3524325	-0.336902222222	1.70303734568
9.8	 	 	45.081854579	4.99358091543	-2.75266434497	0.337169	-0.226189444444	2.21944290123
9.85	 	 	45.3262006743	4.74147780125	-4.50338041564	0.3291085	-0.0978502777778	2.34997345679
9.9	 	 	45.5530934771	4.4990709607	-5.14979865712	0.3277365	0.0238194444444	2.13332237654
9.95	 	 	45.7799862798	4.19848647841	-4.84274999242	0.3325385	0.122431944444	1.74527716049
10	 	 	45.9719724975	3.93668709061	-2.87656117458	0.3411135	0.195605277778	1.39454907407
10.05	 	 	46.1639587153	3.87850944888	-0.183151835086	0.352604	0.255153888889	1.17101682099
10.1	 	 	46.355944933	3.92699081699	2.37020021876	0.366667	0.310224444444	1.00142237654
10.15	 	 	46.5479311507	4.15970138392	4.09398219604	0.383817	0.358625555556	0.774290740741
10.2	 	 	46.7748239534	4.37301940361	5.09054365165	0.4031965	0.391496388889	0.470142901235
10.25	 	 	46.9842634637	4.62512251778	6.73891016742	0.4237765	0.406073888889	0.135082716049
10.3	 	 	47.228609559	5.05175855716	8.1287093866	0.4443565	0.405121111111	-0.241052777778
10.35	 	 	47.4904089468	5.47839459654	8.38727668319	0.4645935	0.389686111111	-0.784506635802
10.4	 	 	47.7696616271	5.99229709851	6.38338013461	0.4848305	0.337569166667	-1.51899243827
10.45	 	 	48.101274185	6.25409648631	1.75610288935	0.50078	0.234002222222	-2.15539506173
10.5	 	 	48.4154334503	6.1183486556	-2.11163292217	0.509355	0.103566944444	-2.4054462963
10.55	 	 	48.7121394232	5.93411945678	-3.97008536642	0.510727	-0.022295	-2.29201280864
10.6	 	 	49.008845396	5.71110516347	-5.23598775598	0.5064395	-0.132626666667	-1.98220123457
10.65	 	 	49.2880980763	5.40082440756	-5.99014237104	0.496664	-0.222854722222	-1.59706728395
10.7	 	 	49.5498974641	5.07115110441	-5.81776417331	0.483287	-0.291740555556	-1.21622083333
10.75	 	 	49.7942435594	4.77056662212	-4.62727724526	0.466823	-0.343	-0.867821759259
10.8	 	 	50.0211363622	4.5863374233	-2.90888208666	0.448301	-0.377014166667	-0.555681172839
10.85	 	 	50.2480291649	4.50876723432	-1.5136960488	0.4285785	-0.3970225	-0.272759104938
10.9	 	 	50.4749219677	4.42150077172	0.193925472442	0.40817	-0.40474	0.0298007716049
10.95	 	 	50.6843614779	4.46998213983	2.79037207572	0.38759	-0.39788	0.426050462963
11	 	 	50.9112542807	4.73178152763	4.52492769036	0.3675245	-0.368534444444	0.969186728395
11.05	 	 	51.155600376	5.03236600992	3.82464126209	0.349517	-0.307080277778	1.62829722222
11.1	 	 	51.4173997638	5.24568402961	0.360916851494	0.335111	-0.2058	2.24162145062
11.15	 	 	51.6966524441	5.11963247252	-4.19633175094	0.3270505	-0.0665038888889	2.48119212963
11.2	 	 	51.9409985394	4.73178152763	-6.97054337062	0.3287655	0.0674566666667	2.18535462963
11.25	 	 	52.1678913421	4.33423430912	-7.66544298021	0.3356255	0.163877777778	1.60537762346
11.3	 	 	52.3773308523	3.89790199612	-6.57730560705	0.3466015	0.225427222222	1.04847901235
11.35	 	 	52.5518637775	3.59731751383	-3.74922580058	0.3592925	0.259441388889	0.689070061728
11.4	 	 	52.7263967027	3.51974732486	-0.614097329407	0.372841	0.284308888889	0.557269135802
11.45	 	 	52.9009296279	3.54883614572	2.48871022969	0.38759	0.310129166667	0.551975925926
11.5	 	 	53.0754625531	3.74276161817	6.06017101387	0.403711	0.339093611111	0.557216203704
11.55	 	 	53.2674487709	4.13061256305	9.85249136388	0.4213755	0.369773055556	0.451616666667
11.6	 	 	53.4768882811	4.77056662212	12.384296143	0.440755	0.394926388889	0.0898787037037
11.65	 	 	53.7386876689	5.51717969103	11.5708865225	0.4618495	0.393783055556	-0.594268672839
11.7	 	 	54.0353936417	6.09895610836	7.14292156835	0.482258	0.343762222222	-1.44091759259
11.75	 	 	54.3670061996	6.2928815808	1.36286512579	0.4985505	0.241815	-2.11617237654
11.8	 	 	54.681165465	6.12804492922	-2.50487068573	0.5074685	0.113761666667	-2.39205447531
11.85	 	 	54.9778714378	5.93411945678	-4.13707674547	0.509698	-0.0126719444444	-2.30529876543
11.9	 	 	55.2745774107	5.71110516347	-5.24137457466	0.505582	-0.124813888889	-2.00612654321
11.95	 	 	55.553830091	5.40082440756	-5.84469826671	0.496321	-0.215804166667	-1.63094382716
12	 	 	55.8156294788	5.08084737803	-5.48916823389	0.4831155	-0.285738055556	-1.28397391975
12.05	 	 	56.0599755741	4.79965544298	-4.1047558334	0.4673375	-0.342523611111	-0.967122376543
12.1	 	 	56.2868683768	4.68330015952	-2.75805116365	0.448301	-0.384064722222	-0.627774691358
12.15	 	 	56.5312144721	4.54755232881	-1.67530060917	0.428064	-0.4055975	-0.281916358025
12.2	 	 	56.7406539823	4.46028586621	0.404011400924	0.407141	-0.411314166667	0.0615600308642
12.25	 	 	56.9675467851	4.56694487605	2.86040071855	0.3863895	-0.401405277778	0.467125771605
12.3	 	 	57.1944395879	4.77056662212	4.65959815733	0.366324	-0.3712975	1.02127191358
12.35	 	 	57.4387856831	5.09054365165	4.78888180562	0.3479735	-0.307747222222	1.72558641975
12.4	 	 	57.7005850709	5.41052068118	1.56217741691	0.333396	-0.196939166667	2.35092623457
12.45	 	 	57.9972910438	5.37173558669	-3.95931172906	0.3267075	-0.0533555555556	2.55810246914
12.5	 	 	58.2590904316	4.90631445283	-7.34223385947	0.328594	0.0813672222222	2.28359660494
12.55	 	 	58.4859832343	4.44089331896	-6.65272106856	0.336483	0.182742777778	1.80609614198
12.6	 	 	58.6954227446	4.13061256305	-3.26441211947	0.3479735	0.257059444444	1.39502546296
12.65	 	 	58.8874089623	4.09182746856	0.942693268823	0.3627225	0.315845833333	1.11437947531
12.7	 	 	59.0968484725	4.25666412014	4.53031450903	0.3798725	0.365199722222	0.90852654321
12.75	 	 	59.3062879828	4.5863374233	7.0782797442	0.3994235	0.408265277778	0.661651234568
12.8	 	 	59.550634078	5.03236600992	8.00481255699	0.421204	0.437420277778	0.261325771605
12.85	 	 	59.8124334658	5.43960950205	7.39071522758	0.443842	0.445233055556	-0.377088271605
12.9	 	 	60.0916861462	5.84685299418	5.0259018275	0.467509	0.409885	-1.20256435185
12.95	 	 	60.4058454115	6.05047474025	0.856504169961	0.487403	0.319466388889	-1.90216790123
13	 	 	60.7200046769	5.83715672056	-1.53524332351	0.5006085	0.200655	-2.21589645062
13.05	 	 	60.9818040647	5.72080143709	-0.775701889775	0.506954	0.0858452777778	-2.24506203704
13.1	 	 	61.2785100375	5.81776417331	-0.727220521663	0.509012	-0.0252486111111	-2.18297268519
13.15	 	 	61.5752160104	5.73049771071	-2.01467018594	0.504553	-0.135389722222	-2.03523919753
13.2	 	 	61.8544686907	5.58505360638	-2.93042936137	0.494949	-0.233525833333	-1.78465864198
13.25	 	 	62.133721371	5.41052068118	-3.3344407623	0.480543	-0.316226944444	-1.46711898148
13.3	 	 	62.3955207588	5.23598775598	-3.23747802607	0.462707	-0.382063888889	-1.09410648148
13.35	 	 	62.6573201466	5.07115110441	-2.70418297685	0.4416125	-0.428559444444	-0.653764351852
13.4	 	 	62.9016662419	4.9354032737	-1.51908286748	0.418803	-0.449711111111	-0.154932253086
13.45	 	 	63.1460123372	4.90631445283	-0.0538681867906	0.3956505	-0.445233055556	0.388839197531
13.5	 	 	63.3903584324	4.9354032737	1.18510010938	0.3733555	-0.414458333333	1.0116912037
13.55	 	 	63.6347045277	5.06145483078	1.42212013125	0.3527755	-0.347859166667	1.68742237654
13.6	 	 	63.8965039155	5.16811384063	-0.350143214137	0.336826	-0.241529166667	2.23775740741
13.65	 	 	64.1583033033	5.10993619889	-3.76538625662	0.3273935	-0.108426111111	2.43191234568
13.7	 	 	64.4201026911	4.78995916936	-6.99209064533	0.326193	0.0208658333333	2.203775
13.75	 	 	64.6469954939	4.27605666739	-7.45535705173	0.3308235	0.121860277778	1.74321280864
13.8	 	 	64.8389817116	3.91729454337	-5.14979865712	0.3397415	0.192270555556	1.31737407407
13.85	 	 	65.0309679293	3.73306534454	-1.87999971897	0.3507175	0.244959166667	1.06144737654
13.9	 	 	65.2055008545	3.73306534454	1.44905422465	0.364266	0.293455555556	0.920859722222
13.95	 	 	65.3974870722	3.89790199612	4.29329448716	0.3802155	0.337188055556	0.791493672839
14	 	 	65.5894732899	4.19848647841	6.410314228	0.398223	0.374822777778	0.611365740741
14.05	 	 	65.8163660927	4.55724860243	8.08022801849	0.418117	0.401691111111	0.336489351852
14.1	 	 	66.0432588955	4.98388464181	9.78784953973	0.4388685	0.414458333333	-0.0940603395062
14.15	 	 	66.3050582833	5.58505360638	10.0571904737	0.4604775	0.401881666667	-0.737926388889
14.2	 	 	66.6017642561	6.14743747647	7.03518519477	0.4807145	0.348335555556	-1.52264475309
14.25	 	 	66.933376814	6.41893313789	1.40057285654	0.4975215	0.245626111111	-2.19424722222
14.3	 	 	67.2649893719	6.24440021269	-3.55530032814	0.5067825	0.109855277778	-2.45615524691
14.35	 	 	67.5616953447	5.93411945678	-5.95782145897	0.507983	-0.0189602777778	-2.29566512346
14.4	 	 	67.8584013175	5.58505360638	-6.71736289271	0.503867	-0.126338333333	-1.94382546296
14.45	 	 	68.1202007053	5.23598775598	-6.53421105762	0.494606	-0.213898611111	-1.55048703704
14.5	 	 	68.3820000931	4.90631445283	-5.68309370634	0.481572	-0.279545	-1.19012530864
14.55	 	 	68.6088928959	4.62512251778	-4.00240627849	0.466137	-0.330613888889	-0.880313734568
14.6	 	 	68.8357856987	4.51846350794	-2.47254977366	0.447958	-0.367200555556	-0.587969753086
14.65	 	 	69.0626785014	4.40210822447	-1.33054421371	0.42875	-0.388161666667	-0.317327932099
14.7	 	 	69.2721180117	4.37301940361	0.123896829619	0.408856	-0.399213888889	-0.0299066358025
14.75	 	 	69.4990108144	4.39241195085	2.11486501338	0.388276	-0.3953075	0.345424290123
14.8	 	 	69.7084503247	4.51846350794	5.13525424669	0.368382	-0.368534444444	0.802895246913
14.85	 	 	69.9353431274	4.9354032737	7.25550607875	0.350546	-0.316131666667	1.26683450617
14.9	 	 	70.1971425152	5.41633844536	6.17491025176	0.3352825	-0.237641833333	1.61222703704
14.95	 	 	70.4938484881	5.62868683769	3.64472151826	0.3256785	-0.140248888889	1.69741595679
15	 	 	70.7731011684	5.64323124812	1.68822897406	0.325507	-0.0621211111112	1.64858080247
