Vernier Format 2
Sin título.cmbl 20/01/2026 14:57:57 .
Último
Tiempo	Potencial	Corriente	Angulo	Velocidad 1	Aceleración 1	Posición	Velocidad 2	Aceleración 2
t	Pot	I	Angulo	v 1	a 1	x	v 2	a 2
s	V	A	rad	rad/s	rad/s²	m	m/s	m/s²

0	 	 	0	-0.0290891117576	-1.84475295149	0.426006	-0.032871162045	0.444193883833
0.033333	 	 	0	-0.0799950573335	-1.77324150331	0.4244625	-0.0172930895976	0.38598990726
0.066666	 	 	0	-0.1919881376	-0.781777696264	0.4244625	-0.00205802058021	0.254182375289
0.099999	 	 	-0.0174532925199	-0.189079226425	1.61567390561	0.4248055	0.00100042667093	0.0905871589563
0.133332	 	 	-0.0174532925199	-0.0436336676365	3.01923758356	0.424634	0.000714590479238	0.00335860883851
0.166665	 	 	-0.0174532925199	0.0436336676365	3.4325495129	0.4248055	0.000142918095848	-0.0596212618637
0.199998	 	 	-0.0174532925199	0.203623782304	3.28467838276	0.424634	-0.00142918095848	-0.1813886972
0.233331	 	 	0	0.261802005819	3.41800481158	0.4248055	-0.00743174098408	-0.436261850193
0.266664	 	 	0	0.349069341092	5.93908637473	0.424634	-0.0290123734571	-0.738655745263
0.299997	 	 	0.01745329252	0.610871346912	9.6722263817	0.4230905	-0.0593110097768	-0.960538307892
0.33333	 	 	0.0349065850399	1.04720802328	11.8539315806	0.420861	-0.0961838785055	-1.06927624653
0.366663	 	 	0.0872664625998	1.49808925552	11.1509376832	0.416745	-0.135057600576	-1.0289014807
0.399996	 	 	0.13962634016	1.81806948486	9.33285001742	0.4116	-0.166642499758	-0.914923159483
0.433329	 	 	0.209439510239	2.09441604655	7.93898280703	0.4055975	-0.195940709407	-0.786057387736
0.466662	 	 	0.279252680319	2.34167349649	6.7875272854	0.3983945	-0.219665113318	-0.631823400294
0.499995	 	 	0.366519142919	2.55984183468	5.51486591939	0.3908485	-0.238816138161	-0.453888591615
0.533328	 	 	0.453785605519	2.67619828171	5.07852487962	0.3822735	-0.250964176308	-0.241653096927
0.566661	 	 	0.541052068118	2.87982206401	5.0421631263	0.37387	-0.254394210609	-0.0319186939262
0.599994	 	 	0.645771823238	3.06890129044	3.61193416259	0.365295	-0.254251292513	0.210210801417
0.633327	 	 	0.750491578358	3.12707951395	2.19382578331	0.3565485	-0.24196033627	0.484973588312
0.66666	 	 	0.855211333477	3.15616862571	2.60592565421	0.348831	-0.218950522839	0.676009353453
0.699993	 	 	0.959931088597	3.2288914051	5.17548955512	0.341971	-0.194511528449	0.805470623221
0.733326	 	 	1.06465084372	3.47614885504	8.42380618456	0.335797	-0.166356663567	0.973877463563
0.766659	 	 	1.18682389136	3.86885186377	9.40557352406	0.3308235	-0.133914255809	1.26852988436
0.799992	 	 	1.32645023152	4.17428753723	7.97534456035	0.3263645	-0.0851791851252	1.65870018773
0.833325	 	 	1.46607657168	4.42154498717	5.51486591939	0.3246495	-0.0200085334187	1.95394810654
0.866658	 	 	1.62315620435	4.58153510184	2.08474052337	0.3249925	0.0491638249716	2.10830119359
0.899991	 	 	1.78023583703	4.50881232244	0.0848440910664	0.3277365	0.124195825292	2.11675726549
0.933324	 	 	1.91986217719	4.50881232244	0.133326428817	0.333396	0.194940282736	1.95728289546
0.966657	 	 	2.07694180987	4.58153510184	-1.05449084613	0.340942	0.257824244909	1.68228190936
0.99999	 	 	2.23402144255	4.45063409893	-2.27866987438	0.350889	0.30941767751	1.3292706825
1.033323	 	 	2.37364778271	4.31973309602	-0.727235066288	0.3620365	0.345290119568	1.00448606184
1.066656	 	 	2.51327412287	4.40700043129	0.872682079556	0.3740415	0.374302493025	0.744015227452
1.099989	 	 	2.67035375555	4.43608954305	1.24842019714	0.387247	0.394025190252	0.517606879864
1.133322	 	 	2.80998009571	4.46517865481	2.35139338101	0.4004525	0.407745327453	0.321449831742
1.166655	 	 	2.96705972839	4.5379014342	4.82399260641	0.4145155	0.417035003683	0.0719361609382
1.199988	 	 	3.10668606855	4.77061432826	7.81777696265	0.4285785	0.414319559862	-0.237603710384
1.233321	 	 	3.28121899375	5.13422822523	9.00559423759	0.4422985	0.403886538865	-0.621342635124
1.266654	 	 	3.45575191895	5.35239656341	10.5449084612	0.45619	0.371872885396	-0.975902156834
1.299987	 	 	3.63028484415	5.78873323978	13.0053871022	0.467166	0.334857098571	-1.22744052091
1.33332	 	 	3.83972435439	6.28324813966	13.2962811287	0.4786565	0.290695406954	-1.5078009892
1.366653	 	 	4.04916386463	6.76321848366	10.593390799	0.486717	0.238101547682	-1.90273527674
1.399986	 	 	4.29350995991	7.11228782476	4.2179633845	0.494949	0.169357943579	-2.43820709723
1.433319	 	 	4.53785605519	7.03956504536	-2.27866987438	0.4988935	0.0728882288823	-2.85588940917
1.466652	 	 	4.76474885794	6.85048581894	-6.03605105023	0.500094	-0.0334428344283	-2.85219732144
1.499985	 	 	4.9916416607	6.66140659251	-9.86615573271	0.4964925	-0.131627566276	-2.37841909592
1.533318	 	 	5.21853446346	6.21052536027	-13.4174869731	0.49049	-0.201943269433	-1.61856362111
1.566651	 	 	5.41052068118	5.62874312511	-13.0053871022	0.481572	-0.229955216219	-1.12608675773
1.599984	 	 	5.58505360638	5.26512922814	-10.0600850837	0.475398	-0.259682180155	-1.12692045496
1.633317	 	 	5.75958653158	4.98878266644	-7.52688293613	0.4649365	-0.305701807018	-1.15991104533
1.66665	 	 	5.91666616426	4.77061432826	-5.27245423062	0.4546465	-0.342860511938	-1.04033504271
1.699983	 	 	6.07374579694	4.66880243711	-4.03615461792	0.442127	-0.379447544475	-0.769978941168
1.733316	 	 	6.23082542962	4.50881232244	-3.18771370725	0.42875	-0.396740634073	-0.41434752302
1.766649	 	 	6.37045176978	4.45063409893	-2.30291104326	0.415373	-0.403457784578	-0.146968911586
1.799982	 	 	6.52753140246	4.39245587541	-2.15746403001	0.4018245	-0.40545863792	0.0859899142341
1.833315	 	 	6.66715774262	4.2615548725	-0.55754688416	0.3881045	-0.399027323607	0.33895747356
1.866648	 	 	6.80678408278	4.27609942838	3.34528130495	0.374899	-0.382020070201	0.575489287506
1.899981	 	 	6.94641042294	4.47972321068	7.66020936495	0.362551	-0.360296519632	0.831434336937
1.933314	 	 	7.10349005562	4.79970344002	11.2721435275	0.3507175	-0.3304266376	1.24006507896
1.966647	 	 	7.2605696883	5.27967378402	12.7144930757	0.340256	-0.286550782174	1.92345860787
1.99998	 	 	7.45255590602	5.81782235154	8.88438839321	0.330652	-0.209517928513	2.78847903319
2.033313	 	 	7.66199541626	5.96326791033	1.89081117236	0.3249925	-0.0921821718217	3.36611211357
2.066646	 	 	7.85398163397	5.91963424269	-4.69066617759	0.3243065	0.0335857525242	3.34753257532
2.099979	 	 	8.06342114421	5.62874312511	-9.97524099265	0.3277365	0.144490194902	2.86148709057
2.133312	 	 	8.23795406941	5.10513911347	-10.5570290457	0.334768	0.227811444781	2.2106077536
2.166645	 	 	8.39503370209	4.79970344002	-7.29659183181	0.3435145	0.288408717421	1.63666676095
2.199978	 	 	8.55211333477	4.66880243711	-4.83611319085	0.354319	0.334428344283	1.15645715681
2.233311	 	 	8.70919296745	4.50881232244	-3.27255779832	0.366324	0.362726127261	0.785938288132
2.266644	 	 	8.84881930761	4.45063409893	-1.9029317568	0.378672	0.383306333063	0.536305517723
2.299977	 	 	9.00589894029	4.40700043129	-1.00600850838	0.392049	0.396883552169	0.349200039521
2.33331	 	 	9.14552528045	4.31973309602	1.68476123691	0.4052545	0.405601556016	0.196871645747
2.366643	 	 	9.28515162061	4.47972321068	5.53910708826	0.419146	0.411032443658	0.0145301517127
2.399976	 	 	9.44223125329	4.72698066062	8.5934943667	0.432866	0.407888245549	-0.190678466328
2.433309	 	 	9.59931088597	5.04696088996	11.6478816451	0.446586	0.39788397884	-0.377307546113
2.466642	 	 	9.77384381117	5.51238667808	14.132601455	0.4597915	0.377160854942	-0.471277133829
2.499975	 	 	9.96583002889	6.03599068972	14.7022689236	0.470939	0.3717299673	-0.777839515046
2.533308	 	 	10.1752695391	6.55959470136	12.4963225558	0.485002	0.34729097291	-1.68716499313
2.566641	 	 	10.4021623419	7.03956504536	5.3572983217	0.4961495	0.262683460168	-2.67700180366
2.599974	 	 	10.6639617297	6.96684226597	-3.21195487613	0.5033525	0.148920655873	-3.09658970926
2.633307	 	 	10.8734012399	6.64686203663	-7.02993897417	0.5057535	0.0394453944539	-2.96700933989
2.66664	 	 	11.1002940427	6.44323825433	-8.71470021108	0.5054105	-0.0530226135595	-2.61852389799
2.699973	 	 	11.3097335529	6.06507980148	-9.75707047276	0.5019805	-0.134057173905	-2.24347924436
2.733306	 	 	11.5017197706	5.75964412802	-9.81767339495	0.496321	-0.205373303733	-1.80161971277
2.766639	 	 	11.6937059884	5.43966389869	-10.4358232013	0.4875745	-0.255108801088	-1.35273330453
2.799972	 	 	11.8682389136	5.03241633408	-9.98736157709	0.478828	-0.288408717421	-1.09452536262
2.833305	 	 	12.0253185462	4.72698066062	-7.98746514479	0.4687095	-0.326853685204	-0.894914425977
2.866638	 	 	12.1823981789	4.47972321068	-5.03004254186	0.456533	-0.350578089114	-0.667791480763
2.899971	 	 	12.3220245191	4.3342776519	-0.593908637473	0.4450425	-0.366156161562	-0.593116028928
2.933304	 	 	12.4616508592	4.46517865481	2.94530201849	0.4323515	-0.386593449268	-0.617412348185
2.966637	 	 	12.6187304919	4.63971332535	3.58769299372	0.4193175	-0.408174081741	-0.617888746602
2.99997	 	 	12.7758101246	4.71243610475	4.07251637124	0.4052545	-0.432041403747	-0.483187094249
3.033303	 	 	12.9328897573	4.8142479959	7.06630072747	0.3901625	-0.445189868565	-0.170431533614
3.066636	 	 	13.08996939	5.11968366935	11.4903140474	0.375242	-0.445904459045	0.297272612089
3.099969	 	 	13.2645023152	5.68692134863	12.7387342446	0.3603215	-0.434899765664	1.10012304402
3.133302	 	 	13.4739418254	6.13780258087	8.82378547102	0.3452295	-0.38616469498	2.28909439277
3.166635	 	 	13.6833813356	6.29779269554	3.21195487613	0.3328815	-0.281691566916	3.41327555684
3.199968	 	 	13.8928208459	6.38506003081	-3.79374292916	0.3253355	-0.140059733931	3.92099716955
3.233301	 	 	14.1197136486	6.10871346911	-12.059981516	0.323449	0.00528796954636	3.59383055681
3.266634	 	 	14.3116998664	5.48329756632	-17.0536623046	0.326879	0.114477394774	2.74000549428
3.299967	 	 	14.4862327916	4.79970344002	-16.7264065247	0.3321955	0.18550768841	1.887609627
3.3333	 	 	14.6258591317	4.27609942838	-13.1144723621	0.3397415	0.233956922903	1.22577312645
3.366633	 	 	14.7654854719	3.94157464317	-9.32072943299	0.3483165	0.26225470588	0.773790128503
3.399966	 	 	14.8876585195	3.67977263735	-5.85424228366	0.3575775	0.278833204999	0.577275781569
3.433299	 	 	15.0098315672	3.5052379668	-1.19993785938	0.36701	0.292410424104	0.648259145674
3.466632	 	 	15.1145513223	3.54887163444	4.58158091764	0.376614	0.318421517549	0.836317420709
3.499965	 	 	15.2367243699	3.88339641965	8.35108267793	0.387933	0.353436451031	0.886458354078
3.533298	 	 	15.3763507101	4.18883209311	9.66010579725	0.4004525	0.382020070201	0.792726965571
3.566631	 	 	15.5159770502	4.50881232244	11.1388170987	0.4134865	0.407030736974	0.64504345636
3.599964	 	 	15.6730566829	4.93060444293	12.8841812578	0.427721	0.426324679913	0.437333746631
3.633297	 	 	15.8475896081	5.32330745166	16.1203773028	0.442127	0.437615209485	0.153281190608
3.66663	 	 	16.0221225333	5.91963424269	21.2110227669	0.4570475	0.441188161882	-0.328000309973
3.699963	 	 	16.2315620435	6.82139670718	22.8836634194	0.471968	0.425467171338	-1.1506212762
3.733296	 	 	16.4759081388	7.69407005991	16.677924187	0.4862025	0.37687501875	-2.32244228195
3.766629	 	 	16.7551608191	8.18858495979	3.24831662944	0.4988935	0.271115627823	-3.45317392424
3.799962	 	 	17.051866792	7.82497106282	-7.98746514478	0.505582	0.1239099891	-3.8884829776
3.833295	 	 	17.2787595947	7.31591160706	-10.0600850837	0.5064395	-0.00828924955916	-3.65469045455
3.866628	 	 	17.52310569	7.15592149239	-11.0782141765	0.504553	-0.124624579579	-3.15637771057
3.899961	 	 	17.7674517853	6.70504026015	-14.4356160659	0.497693	-0.221523048564	-2.52252961701
3.933294	 	 	17.9768912955	6.09416891324	-15.10224821	0.489118	-0.293982523159	-1.85997851883
3.966627	 	 	18.1688775133	5.58510945748	-12.5932872313	0.477456	-0.343718020514	-1.26543329465
3.99996	 	 	18.3434104385	5.25058467226	-9.39345293962	0.4656225	-0.372587475875	-0.854420560548
4.033293	 	 	18.5179433637	4.98878266644	-6.77540670096	0.4525885	-0.396597715977	-0.59573622022
4.066626	 	 	18.6750229963	4.78515888414	-3.93918994242	0.4388685	-0.410460771274	-0.424113690565
4.099959	 	 	18.832102629	4.72698066062	-1.16357610607	0.4251485	-0.421465464655	-0.35396402369
4.133292	 	 	18.9891822617	4.72698066062	1.13933493719	0.410914	-0.434756847568	-0.25677874666
4.166625	 	 	19.1462618944	4.78515888414	3.73314000697	0.3959935	-0.442331506648	-0.0277502077792
4.199958	 	 	19.3033415271	4.98878266644	5.66031293265	0.3812445	-0.441473998073	0.383500725532
4.233291	 	 	19.4778744523	5.22149556051	5.73303643927	0.3661525	-0.423895072284	1.02544759218
4.266624	 	 	19.6524073775	5.42511934281	4.15736046231	0.3520895	-0.376017510175	1.76541343309
4.299957	 	 	19.8443935952	5.4978421222	2.27866987439	0.3404275	-0.303415117485	2.42522524037
4.33329	 	 	20.0189265204	5.54147578984	1.01812909281	0.331338	-0.210089600896	2.92222788871
4.366623	 	 	20.2109127381	5.62874312511	-1.98777584787	0.3260215	-0.102329356627	3.16614387812
4.399956	 	 	20.4028989558	5.45420845457	-6.07241280355	0.3243065	0.0107188571886	3.06669570861
4.433289	 	 	20.577431881	5.17786189287	-8.62985612001	0.3270505	0.112762377624	2.62817096593
4.466622	 	 	20.7519648062	4.78515888414	-8.16927391136	0.33271	0.187508541752	2.11818646074
4.499955	 	 	20.8915911464	4.5379014342	-4.61794267096	0.339913	0.247962896296	1.76588983151
4.533288	 	 	21.0486707791	4.47972321068	-0.848440910675	0.3493455	0.301700100334	1.52983441598
4.566621	 	 	21.1882971192	4.50881232244	2.16958461444	0.36015	0.349720580539	1.32319660269
4.599954	 	 	21.3453767519	4.66880243711	3.83010468247	0.372841	0.391166828335	1.09023777687
4.633287	 	 	21.5024563846	4.77061432826	5.16336897068	0.386561	0.421751300846	0.864424927301
4.66662	 	 	21.6595360172	4.98878266644	7.13902423411	0.400967	0.448762820962	0.634919990003
4.699953	 	 	21.8340689424	5.25058467226	9.19952358861	0.416745	0.466770501038	0.327762110765
4.733286	 	 	22.0086018676	5.5705649016	12.2660314515	0.432523	0.469485944859	0.0346579848229
4.766619	 	 	22.2005880854	6.0505352456	15.793121523	0.447958	0.471486798201	-0.350629234772
4.799952	 	 	22.4100275956	6.63231748075	18.4232883461	0.464765	0.448762820962	-0.895390824394
4.833285	 	 	22.6369203984	7.3595452747	17.5748474354	0.4776275	0.420893792271	-1.75540906634
4.866618	 	 	22.8987197862	8.05768395688	9.1025589131	0.49392	0.352150188169	-3.11981413208
4.899951	 	 	23.195425759	8.1158621804	-3.52709007152	0.5040385	0.199656579899	-4.05629431993
4.933284	 	 	23.4572251468	7.63589183639	-11.0660935921	0.506954	0.0480204802048	-3.99543442218
4.966617	 	 	23.7015712421	7.15592149239	-12.0236197627	0.506268	-0.0788907889079	-3.45067283256
4.99995	 	 	23.9284640448	6.8068521513	-11.284264112	0.501123	-0.182220572206	-2.79395761498
5.033283	 	 	24.1553568476	6.47232736609	-11.8539315806	0.493577	-0.263540968743	-2.16904199173
5.066616	 	 	24.3647963578	6.02144613384	-12.5448048936	0.4831155	-0.326853685204	-1.56306320555
5.099949	 	 	24.5567825756	5.5705649016	-11.5872787229	0.4711105	-0.366584915849	-1.01508592662
5.133282	 	 	24.7313155008	5.23604011638	-9.97524099265	0.458248	-0.390023483568	-0.620747137103
5.166615	 	 	24.905848426	4.93060444293	-8.52077086006	0.444871	-0.40374362077	-0.379689538197
5.199948	 	 	25.0629280586	4.59607965772	-5.11488663293	0.431151	-0.411175361754	-0.278573974229
5.233281	 	 	25.2025543988	4.5379014342	-0.460582208655	0.4176025	-0.421036710367	-0.224145455109
5.266614	 	 	25.3596340315	4.65425788123	2.01201701674	0.403025	-0.428754287543	-0.0934931892989
5.299947	 	 	25.5167136642	4.71243610475	3.57557240927	0.3887905	-0.429040123735	0.119933301432
5.33328	 	 	25.6737932968	4.8142479959	7.04205955861	0.3743845	-0.424895498955	0.497240847545
5.366613	 	 	25.8308729295	5.11968366935	11.8054492428	0.3599785	-0.402743194099	1.1195362795
5.399946	 	 	26.0054058547	5.70146590451	13.3932458042	0.3469445	-0.356866485332	1.9696692543
5.433279	 	 	26.214845365	6.18143624851	9.61162345951	0.3352825	-0.276689433561	2.95331288541
5.466612	 	 	26.4242848752	6.42869369845	2.6665285764	0.327222	-0.154637379707	3.71888514122
5.499945	 	 	26.651177678	6.38506003081	-5.07852487962	0.3243065	-0.0107188571886	3.88776837998
5.533278	 	 	26.8606171882	6.00690157796	-10.1328085903	0.326879	0.122909562429	3.43685727847
5.566611	 	 	27.0526034059	5.5705649016	-10.9448877477	0.333396	0.22681101811	2.66104245669
5.599944	 	 	27.2271363311	5.23604011638	-9.86615573271	0.3428285	0.299985083184	1.86569529983
5.633277	 	 	27.4016692563	4.93060444293	-8.50865027563	0.3541475	0.345861791951	1.2442335651
5.66661	 	 	27.558748889	4.59607965772	-5.10276604849	0.366324	0.3751600016	0.876215788117
5.699943	 	 	27.6983752292	4.5379014342	-0.387858702024	0.3791865	0.399884832182	0.667910580367
5.733276	 	 	27.8554548618	4.65425788123	2.32715221214	0.393078	0.420179201792	0.476517516414
5.766609	 	 	28.0125344945	4.72698066062	4.15736046231	0.407484	0.431469731364	0.295962516443
5.799942	 	 	28.1696141272	4.85788166353	7.50264176726	0.42189	0.439473144731	0.121362496682
5.833275	 	 	28.3266937599	5.23604011638	10.6297525523	0.436982	0.440473571402	-0.0974234762376
5.866608	 	 	28.5186799776	5.65783223687	11.5387963852	0.451388	0.434899765664	-0.407677945185
5.899941	 	 	28.7106661953	5.94872335445	13.2599193754	0.466137	0.420322119888	-0.953035032828
5.933274	 	 	28.902652413	6.54505014548	13.9386721039	0.4802	0.377875445421	-1.70669732822
5.966607	 	 	29.1469985083	7.09774326888	8.30260034018	0.4920335	0.308417250839	-2.49728050092
5.99994	 	 	29.3913446036	7.19955516003	-0.424220455339	0.501809	0.205230385637	-3.0635991189
6.033273	 	 	29.6356906989	6.99593137772	-7.41779767619	0.5060965	0.0886092194255	-3.134582483
6.066606	 	 	29.8625835016	6.58868381312	-10.8721642411	0.5071255	-0.0128626286263	-2.86744207078
6.099939	 	 	30.0720230119	6.22506991615	-12.2781520359	0.5050675	-0.105473554736	-2.45035525686
6.133272	 	 	30.2814625221	5.75964412802	-12.7629754134	0.4995795	-0.179076374097	-1.93727416196
6.166605	 	 	30.4559954473	5.30876289578	-11.2600229431	0.492548	-0.232813578136	-1.47528679726
6.199938	 	 	30.6305283725	4.98878266644	-9.01771482204	0.4838015	-0.274974416411	-1.09190517133
6.233271	 	 	30.7876080052	4.72698066062	-7.1996271563	0.4738545	-0.303700953676	-0.784985491298
6.266604	 	 	30.9446876379	4.50881232244	-5.59971001045	0.463393	-0.325424504245	-0.556314251229
6.299937	 	 	31.084313978	4.39245587541	-5.07852487961	0.4519025	-0.338715887159	-0.404104957059
6.33327	 	 	31.2413936107	4.18883209311	-4.95731903523	0.440755	-0.349291826252	-0.344197856145
6.366603	 	 	31.3635666583	3.99975286668	-3.15135195394	0.42875	-0.362297372974	-0.272738093623
6.399936	 	 	31.5031929985	3.95611919905	-0.763596819606	0.416402	-0.36930035967	-0.149946401691
6.433269	 	 	31.6253660461	3.97066375492	1.10297318388	0.404054	-0.372873312066	-0.00369208773028
6.466602	 	 	31.7649923863	4.08702020196	1.51507305478	0.391363	-0.370157868245	0.165667549446
6.499935	 	 	31.9046187265	4.04338653432	2.5695639009	0.3791865	-0.360868192015	0.324308222243
6.533268	 	 	32.0267917741	4.20337664899	5.22397189287	0.367353	-0.350292252923	0.551550267061
6.566601	 	 	32.1838714068	4.42154498717	7.357194754	0.3555195	-0.328568702354	0.930406108029
6.599934	 	 	32.3234977469	4.63971332535	10.4721849546	0.345058	-0.291838751721	1.44634559343
6.633267	 	 	32.4805773796	5.17786189287	11.2479023587	0.3356255	-0.236672366724	2.09948782288
6.6666	 	 	32.6725635973	5.58510945748	6.38754799894	0.3284225	-0.152350690174	2.7376235022
6.699933	 	 	32.8645498151	5.65783223687	-0.327255779831	0.324821	-0.0461625449588	3.09706610768
6.733266	 	 	33.0565360328	5.48329756632	-4.99368078855	0.325164	0.0664569145691	3.03846910241
6.766599	 	 	33.231068958	5.23604011638	-6.6905626099	0.329623	0.167071254046	2.61042512491
6.799932	 	 	33.4056018832	4.98878266644	-6.47239209001	0.3369975	0.244104107708	2.03600773384
6.833265	 	 	33.5626815159	4.77061432826	-4.96943961966	0.34643	0.300985509855	1.51006388168
6.866598	 	 	33.7197611485	4.66880243711	-3.40588422714	0.3575775	0.339859231926	1.14430899718
6.899931	 	 	33.8768407812	4.52335687832	-1.10297318388	0.3692395	0.371587049204	0.960657407497
6.933264	 	 	34.0164671214	4.5379014342	2.69076974528	0.3822735	0.403171948386	0.820596272955
6.966597	 	 	34.173546754	4.72698066062	5.84212169922	0.3963365	0.427610942776	0.655405121926
6.99993	 	 	34.3306263867	4.97423811057	7.7692946249	0.410914	0.447190721907	0.471396233433
7.033263	 	 	34.5051593119	5.25058467226	9.40557352405	0.426349	0.45948167815	0.244392387823
7.066596	 	 	34.6796922371	5.5705649016	11.6478816451	0.4416125	0.466484664847	-0.109809835075
7.099929	 	 	34.8716784548	6.03599068972	13.3084017132	0.4577335	0.460482104821	-0.736392852783
7.133262	 	 	35.0811179651	6.5305055896	12.3872372959	0.4731685	0.424180908476	-1.57771245687
7.166595	 	 	35.3080107678	6.96684226597	7.91474163816	0.4868885	0.355866058661	-2.42153315264
7.199928	 	 	35.5523568631	7.15592149239	0.496943961971	0.4978645	0.255108801088	-3.00238192234
7.233261	 	 	35.7967029584	6.98138682185	-6.32694507675	0.50421	0.141917669177	-3.13005669804
7.266594	 	 	36.0235957612	6.603228369	-9.39345293962	0.506954	0.0380162134955	-2.9361625424
7.299927	 	 	36.2330352714	6.28324813966	-9.96312040821	0.506611	-0.0583105831058	-2.55945049431
7.33326	 	 	36.4424747816	5.96326791033	-10.593390799	0.502495	-0.135486354864	-2.08733966325
7.366593	 	 	36.6344609994	5.55602034572	-10.6055113834	0.497007	-0.193654019874	-1.70645912901
7.399926	 	 	36.8089939246	5.23604011638	-10.0600850837	0.4896325	-0.247962896296	-1.36702525704
7.433259	 	 	36.9835268498	4.91605988705	-9.9267586549	0.4800285	-0.286836618366	-0.999483878467
7.466592	 	 	37.1406064824	4.52335687832	-8.09655040473	0.4700815	-0.31184728514	-0.728532278906
7.499925	 	 	37.2802328226	4.29064398426	-3.92706935798	0.4591055	-0.330998309983	-0.602286698452
7.533258	 	 	37.4198591628	4.2615548725	0.254532273204	0.447958	-0.347862645293	-0.617531447789
7.566591	 	 	37.5594855029	4.39245587541	2.18170519888	0.4361245	-0.370729540629	-0.688991210311
7.599924	 	 	37.7165651356	4.45063409893	2.81197558967	0.423262	-0.394882698827	-0.724482892363
7.633257	 	 	37.8561914758	4.52335687832	4.84823377528	0.409885	-0.421179628463	-0.66969707443
7.66659	 	 	38.0132711084	4.7415252165	7.84201813152	0.395136	-0.444904032374	-0.411370032915
7.699923	 	 	38.1703507411	5.04696088996	10.7267172278	0.3798725	-0.455194135275	0.108380639824
7.733256	 	 	38.3448836663	5.4978421222	12.0478609316	0.3644375	-0.447905312386	0.975663957626
7.766589	 	 	38.536869884	5.94872335445	10.0358439148	0.348831	-0.399170241702	2.11449437301
7.799922	 	 	38.7463093943	6.23961447202	5.22397189287	0.336483	-0.303843871772	3.13887006875
7.833255	 	 	38.9557489045	6.37051547493	-1.87869058792	0.3277365	-0.177790111234	3.73365349214
7.866588	 	 	39.1826417073	6.13780258087	-9.33285001742	0.324135	-0.0363011963453	3.69542251919
7.899921	 	 	39.374627925	5.59965401336	-12.3751167114	0.3260215	0.0841787584543	3.12529271388
7.933254	 	 	39.5491608502	5.20695100463	-11.7690874895	0.330652	0.17450299503	2.41938935977
7.966587	 	 	39.7236937754	4.78515888414	-9.58738229063	0.338198	0.242532008653	1.79197264483
7.99992	 	 	39.8633201156	4.52335687832	-5.87848345253	0.347459	0.288265799325	1.36404776693
8.033253	 	 	40.0203997482	4.42154498717	-2.69076974528	0.3575775	0.326567849012	1.16908171485
8.066586	 	 	40.1600260884	4.31973309602	1.16357610607	0.3692395	0.363011963453	1.0911905737
8.099919	 	 	40.2996524285	4.47972321068	5.43002182831	0.381759	0.399170241702	1.02425659614
8.133252	 	 	40.4567320612	4.72698066062	8.49652969118	0.395822	0.434756847568	0.853825062527
8.166585	 	 	40.6138116939	5.04696088996	11.2721435275	0.4110855	0.459052923863	0.588947542781
8.199918	 	 	40.7883446191	5.4978421222	13.332642882	0.426692	0.474202242022	0.290245735441
8.233251	 	 	40.9803308368	5.97781246621	14.1810837927	0.4429845	0.478632702994	-0.07765294194
8.266584	 	 	41.1897703471	6.41414914257	14.9325600279	0.458591	0.47634601346	-0.713883027589
8.299917	 	 	41.3992098573	7.03956504536	12.6902519068	0.475398	0.446476131428	-1.78673226224
8.33325	 	 	41.6610092451	7.51953538936	3.11499020062	0.490147	0.36001068344	-2.89828886827
8.366583	 	 	41.9228086329	7.34500071882	-8.8480266399	0.5006085	0.23438567719	-3.4293540034
8.399916	 	 	42.1671547282	6.67595114839	-13.7568633374	0.505582	0.109904015707	-3.27154702784
8.433249	 	 	42.3591409459	6.18143624851	-11.4175905408	0.5071255	0.00886092194255	-2.79907889796
8.466582	 	 	42.5685804561	5.96326791033	-9.45405586181	0.5057535	-0.07503200032	-2.31362891124
8.499915	 	 	42.7605666739	5.67237679275	-10.2782556036	0.501809	-0.144490194902	-1.86426610458
8.533248	 	 	42.9525528916	5.25058467226	-10.4843055391	0.495635	-0.197798644653	-1.48612486124
8.566581	 	 	43.1096325243	4.85788166353	-7.7692946249	0.4882605	-0.238673220066	-1.25054584413
8.599914	 	 	43.2667121569	4.72698066062	-4.81187202197	0.479857	-0.279690713574	-1.06772795167
8.633247	 	 	43.4237917896	4.63971332535	-4.43613390438	0.4693955	-0.31284771181	-0.823335563851
8.66658	 	 	43.5808714223	4.45063409893	-4.70278676202	0.458591	-0.333570835708	-0.61443485808
8.699913	 	 	43.7204977625	4.2615548725	-3.43012539602	0.4471005	-0.350863925306	-0.493191461002
8.733246	 	 	43.8601241026	4.20337664899	-1.56355539253	0.4350955	-0.364298226316	-0.441025834361
8.766579	 	 	43.9997504428	4.18883209311	-0.39997928646	0.422919	-0.380019216859	-0.394815187931
8.799912	 	 	44.1393767829	4.18883209311	0.509064546405	0.4097135	-0.393453517869	-0.257850643098
8.833245	 	 	44.2790031231	4.20337664899	2.08474052337	0.396508	-0.400027750277	-0.0272738093623
8.866578	 	 	44.4186294633	4.27609942838	5.06640429517	0.382788	-0.397455224552	0.281670563939
8.899911	 	 	44.5582558034	4.52335687832	8.32684150905	0.3695825	-0.380733807338	0.612410164809
8.933244	 	 	44.7153354361	4.91605988705	8.98135306872	0.357406	-0.358867338673	1.0399777439
8.966577	 	 	44.8898683613	5.20695100463	6.7875272854	0.3452295	-0.319421944219	1.69323907295
8.99991	 	 	45.0644012865	5.41057478693	2.99378435624	0.335111	-0.247677060104	2.38044378919
9.033243	 	 	45.2563875042	5.42511934281	-1.51507305477	0.3280795	-0.153208198749	2.82420891445
9.066576	 	 	45.4309204294	5.26512922814	-4.87247494416	0.3246495	-0.0488779887799	2.90567304373
9.099909	 	 	45.6054533546	5.10513911347	-7.85413871596	0.3249925	0.0498784154508	2.65365828123
9.133242	 	 	45.7799862798	4.71243610475	-9.34497060186	0.3284225	0.133056747234	2.22132671798
9.166575	 	 	45.91961262	4.3342776519	-6.47239209001	0.334425	0.197369890366	1.79530743375
9.199908	 	 	46.0592389601	4.23246576074	-1.9998964323	0.341971	0.247534142008	1.52018734804
9.233241	 	 	46.1988653003	4.24701031662	1.3332642882	0.350889	0.295697540309	1.35154230849
9.266574	 	 	46.3384916404	4.39245587541	2.59380506977	0.361865	0.337715460488	1.20028581115
9.299907	 	 	46.4955712731	4.45063409893	2.88469909629	0.373527	0.3751600016	1.06367856513
9.33324	 	 	46.6351976133	4.52335687832	4.77551026866	0.386904	0.409889098891	0.88764935012
9.366573	 	 	46.792277246	4.7415252165	7.42991826063	0.4011385	0.435471438048	0.668506078388
9.399906	 	 	46.9493568786	5.03241633408	9.69646755057	0.416059	0.455051217179	0.411012734102
9.433239	 	 	47.1238898038	5.43966389869	10.5085467079	0.4316655	0.466055910559	0.0468061444515
9.466572	 	 	47.3158760216	5.75964412802	10.4600643702	0.447615	0.460767941013	-0.425304686607
9.499905	 	 	47.5078622393	6.09416891324	11.0539730077	0.462707	0.440473571402	-1.01520502622
9.533238	 	 	47.7173017495	6.5305055896	10.1570497592	0.477456	0.39959899599	-1.78470756897
9.566571	 	 	47.9441945523	6.90866404245	5.16336897068	0.49049	0.321708633753	-2.52884189603
9.599904	 	 	48.1885406476	6.95229771009	-2.26654928995	0.4995795	0.220379703797	-2.9303266618
9.633237	 	 	48.4154334503	6.71958481603	-8.64197670445	0.505239	0.114477394774	-2.92449078119
9.66657	 	 	48.6423262531	6.28324813966	-12.0721021005	0.506954	0.0171501715017	-2.61066332412
9.699903	 	 	48.8343124708	5.81782235154	-12.2781520359	0.505925	-0.0634556345563	-2.15582193567
9.733236	 	 	49.0262986885	5.45420845457	-11.5630375541	0.502152	-0.125196251963	-1.73980701819
9.766569	 	 	49.2008316137	5.03241633408	-10.011602746	0.4971785	-0.172930895976	-1.51089757891
9.799902	 	 	49.3579112464	4.7415252165	-7.01781838973	0.490833	-0.223238065714	-1.37857791864
9.833235	 	 	49.5149908791	4.5379014342	-3.2967989672	0.4820865	-0.266828084948	-1.21362496682
9.866568	 	 	49.6546172192	4.52335687832	0.0848440910718	0.4728255	-0.303415117485	-1.0714200394
9.899901	 	 	49.8116968519	4.63971332535	0.654511559668	0.4618495	-0.33800129668	-0.941244172012
9.933234	 	 	49.9687764846	4.63971332535	-0.763596819611	0.450016	-0.364726980603	-0.850013875192
9.966567	 	 	50.1258561173	4.52335687832	-0.581788053038	0.437668	-0.393596435964	-0.777124917421
9.9999	 	 	50.2654824574	4.52335687832	1.8059670813	0.4237765	-0.42060795608	-0.590376738031
10.033233	 	 	50.4225620901	4.66880243711	4.02403403349	0.409199	-0.434899765664	-0.338481075143
10.066566	 	 	50.5796417228	4.78515888414	6.56935676551	0.3946215	-0.442331506648	-0.0805113324408
10.099899	 	 	50.7367213555	5.06150544584	9.99948216152	0.3795295	-0.441902752361	0.269998802727
10.133232	 	 	50.9112542807	5.4978421222	11.8902933339	0.364952	-0.430469304693	0.858231747882
10.166565	 	 	51.1032404984	5.94872335445	10.8721642411	0.3503745	-0.397598142648	1.84937865405
10.199898	 	 	51.3126800086	6.26870358378	7.78141520933	0.3369975	-0.31527731944	3.05359475215
10.233231	 	 	51.5221195189	6.50141647784	3.00590494068	0.327908	-0.184936016027	3.93731381533
10.266564	 	 	51.7490123216	6.57413925724	-4.54521916433	0.3239635	-0.0307273906072	4.09845557981
10.299897	 	 	51.9759051244	6.19598080439	-11.6478816451	0.3263645	0.109189425228	3.55810067555
10.33323	 	 	52.1678913421	5.61419856923	-13.3568840509	0.332367	0.212947962813	2.74512677726
10.366563	 	 	52.3424242673	5.20695100463	-11.2721435275	0.341285	0.288694553612	2.00575643437
10.399896	 	 	52.5169571925	4.8142479959	-7.01781838973	0.352261	0.340430904309	1.47219020755
10.433229	 	 	52.6565835327	4.65425788123	-0.569667468594	0.364266	0.380162134955	1.16527052752
10.466562	 	 	52.8136631653	4.87242621941	3.33316072051	0.377643	0.415891658917	0.953154132432
10.499895	 	 	52.9881960905	4.97423811056	4.54521916433	0.3922205	0.443760687607	0.7510421041
10.533228	 	 	53.1452757232	5.10513911347	7.11478306523	0.4073125	0.466913419134	0.515820385801
10.566561	 	 	53.3198086484	5.45420845457	9.62374404394	0.423605	0.480633556336	0.195323350892
10.599894	 	 	53.5117948661	5.7741886839	11.7084845673	0.439726	0.481062310623	-0.192703159599
10.633227	 	 	53.7037810839	6.16689169263	15.1143687945	0.455847	0.471772634393	-0.737107450409
10.66656	 	 	53.9132205941	6.82139670718	16.4597536671	0.4717965	0.438901472348	-1.51482786585
10.699893	 	 	54.1575666894	7.46135716585	11.5751581385	0.4858595	0.376303346367	-2.44416207744
10.733226	 	 	54.4193660772	7.79588195106	0.75147623517	0.498036	0.274831498315	-3.28226599221
10.766559	 	 	54.6986187575	7.4904462776	-9.62374404394	0.505239	0.14077432441	-3.57882400668
10.799892	 	 	54.9255115603	6.92320859833	-13.5144516486	0.506954	0.0177218438851	-3.26856953773
10.833225	 	 	55.152404363	6.50141647784	-14.0962397016	0.5057535	-0.0836070860709	-2.68724436962
10.866558	 	 	55.3618438733	6.00690157796	-14.326530806	0.50078	-0.161926202595	-2.06054225231
10.899891	 	 	55.553830091	5.51238667808	-13.2599193754	0.494263	-0.216235079017	-1.57985624974
10.933224	 	 	55.7283630162	5.06150544584	-10.4479437857	0.4862025	-0.261968869689	-1.27210287249
10.966557	 	 	55.8854426489	4.78515888414	-6.66632144101	0.4765985	-0.299127574609	-1.05022030986
10.99989	 	 	56.0425222815	4.66880243711	-4.10887812455	0.466137	-0.331141228079	-0.880979772285
11.033223	 	 	56.1996019142	4.52335687832	-2.12110227669	0.4543035	-0.356437731044	-0.765691355417
11.066556	 	 	56.3392282544	4.50881232244	0.0121205844361	0.4422985	-0.379018790188	-0.733653561887
11.099889	 	 	56.4963078871	4.59607965771	0.412099870903	0.4292645	-0.406459064591	-0.660288205698
11.133222	 	 	56.6533875197	4.52335687832	1.1393349372	0.41503	-0.427896778968	-0.435666352172
11.166555	 	 	56.7930138599	4.58153510184	3.95131052686	0.4004525	-0.439044390444	-0.0862281134425
11.199888	 	 	56.9500934926	4.85788166353	5.09064546405	0.3853605	-0.435757274239	0.349557338334
11.233221	 	 	57.1246264178	4.97423811056	4.86035435972	0.3709545	-0.415748740821	0.811544703035
11.266554	 	 	57.2817060505	5.10513911347	5.97544812804	0.357406	-0.383878005447	1.35130410928
11.299887	 	 	57.4562389757	5.42511934281	5.24821306175	0.344715	-0.32871162045	1.97919722264
11.33322	 	 	57.6482251934	5.59965401336	0.581788053041	0.3349395	-0.251964602979	2.58041202465
11.366553	 	 	57.8402114111	5.46875301045	-4.50885741101	0.327222	-0.152207772078	2.99416404965
11.399886	 	 	58.0147443363	5.22149556051	-7.36931533844	0.3243065	-0.0385878858789	2.96974863079
11.433219	 	 	58.1892772615	4.93060444293	-8.22987683356	0.3253355	0.056309729764	2.6017308538
11.466552	 	 	58.3463568942	4.58153510184	-6.15725689462	0.328594	0.133628419618	2.22013572194
11.499885	 	 	58.4859832343	4.47972321068	-2.81197558966	0.334425	0.201514515145	1.91000035259
11.533218	 	 	58.643062867	4.45063409893	-0.848440910669	0.342314	0.258967589676	1.67180114419
11.566551	 	 	58.7826892072	4.45063409893	0.351496948711	0.3517465	0.312418957523	1.46385323525
11.599884	 	 	58.9397688398	4.46517865481	1.73324357467	0.3634085	0.357009403427	1.25173684017
11.633217	 	 	59.07939518	4.52335687832	4.35128981332	0.3757565	0.394168108348	1.08201990418
11.66655	 	 	59.2364748127	4.7415252165	7.357194754	0.389648	0.42989763231	0.890984139038
11.699883	 	 	59.3935544454	5.03241633408	9.78131164164	0.40474	0.455051217179	0.658978110052
11.733216	 	 	59.5680873706	5.43966389869	11.0176112543	0.420175	0.473487651543	0.411012734102
11.766549	 	 	59.7600735883	5.7741886839	12.0114991783	0.4364675	0.484206508732	0.0625272922063
11.799882	 	 	59.952059806	6.16689169263	14.3022896371	0.4525885	0.485349853499	-0.550001972207
11.833215	 	 	60.1614993162	6.79230759542	13.9386721039	0.469567	0.458624169575	-1.49612922799
11.866548	 	 	60.4058454115	7.33045616294	6.9450948831	0.4844875	0.387450957843	-2.48763343298
11.899881	 	 	60.6676447993	7.3595452747	-2.76349325191	0.496321	0.283406584066	-3.17221795793
11.933214	 	 	60.9119908946	6.93775315421	-6.84813020759	0.503867	0.161640366404	-3.38302425737
11.966547	 	 	61.1214304048	6.69049570427	-4.83611319085	0.5067825	0.0471629716297	-3.21640391109
11.99988	 	 	61.3483232076	6.69049570427	-4.0603957868	0.506611	-0.0545947126138	-2.93461424755
12.033213	 	 	61.5752160104	6.51596103372	-5.69667468596	0.5030095	-0.148634819682	-2.62781366712
12.066546	 	 	61.7846555206	6.28324813966	-6.93297429866	0.496321	-0.229955216219	-2.3182737958
12.099879	 	 	61.9940950308	6.02144613384	-7.17538598742	0.487403	-0.301128427951	-2.05363447526
12.133212	 	 	62.1860812486	5.7741886839	-6.22998040124	0.4762555	-0.368585769191	-1.73623403006
12.166545	 	 	62.3780674663	5.5705649016	-4.26644572225	0.462364	-0.420322119888	-1.32426849913
12.199878	 	 	62.5526003915	5.4978421222	-2.39987571877	0.4477865	-0.456194561946	-0.926952219507
12.233211	 	 	62.7445866092	5.45420845457	-1.61203773028	0.4316655	-0.480633556336	-0.570725303338
12.266544	 	 	62.9191195344	5.35239656341	1.460327955E-012	0.415373	-0.492067004003	-0.260709033599
12.299877	 	 	63.0936524596	5.45420845457	1.61203773028	0.398909	-0.500213335467	0.133987054728
12.33321	 	 	63.2856386773	5.4978421222	2.36351396545	0.3815875	-0.490923659237	0.75556788906
12.366543	 	 	63.4601716025	5.5705649016	3.97555169574	0.365295	-0.452764527645	1.47766878934
12.399876	 	 	63.6521578202	5.7741886839	4.70278676202	0.3507175	-0.389308893089	2.14176818237
12.433209	 	 	63.844144038	5.9778124662	2.42411688764	0.3390555	-0.309274759414	2.76144342304
12.466542	 	 	64.0535835482	6.06507980148	-3.51496948708	0.3294515	-0.206230812308	3.3216879612
12.499875	 	 	64.2630230584	5.73055501626	-9.11467949753	0.3243065	-0.0756036727034	3.46591758189
12.533208	 	 	64.4375559836	5.30876289578	-10.6176319679	0.324821	0.0435900192335	3.03191862418
12.566541	 	 	64.6120889088	4.97423811057	-10.205532097	0.328251	0.13148464818	2.39247284922
12.599874	 	 	64.7691685415	4.65425788123	-9.64798521282	0.334082	0.199084907516	1.83472940274
12.633207	 	 	64.9262481742	4.27609942838	-7.38143592287	0.341971	0.249249159158	1.4255031627
12.66654	 	 	65.0484212218	4.07247564608	-2.8240961741	0.350889	0.290695406954	1.14395169836
12.699873	 	 	65.188047562	4.14519842547	0.266652857641	0.361522	0.324852831862	0.91087377294
12.733206	 	 	65.3276739021	4.17428753723	1.15145552163	0.372841	0.349577662443	0.747111817162
12.766539	 	 	65.4673002423	4.20337664899	2.4119963032	0.384846	0.372301639683	0.658382612031
12.799872	 	 	65.6069265825	4.27609942838	5.17548955512	0.3977085	0.393024763581	0.586327351488
12.833205	 	 	65.7465529226	4.52335687832	8.62985612001	0.4110855	0.411747034137	0.496407150316
12.866538	 	 	65.9036325553	4.91605988705	10.5206672924	0.4251485	0.429040123735	0.314422955094
12.899871	 	 	66.0781654805	5.25058467226	11.6236404762	0.440069	0.43504268376	0.0310849966968
12.933204	 	 	66.2526984057	5.62874312511	13.8053456751	0.4543035	0.432898912322	-0.365159386485
12.966537	 	 	66.4446846234	6.22506991615	13.9871544417	0.4690525	0.420322119888	-1.06332126632
12.99987	 	 	66.6715774262	6.70504026015	9.70858813501	0.4834585	0.369872032054	-1.97621973253
13.033203	 	 	66.8984702289	6.95229771009	2.59380506978	0.4947775	0.283549502162	-2.71725746988
13.066536	 	 	67.1428163242	6.90866404245	-5.49062475051	0.5030095	0.174788831222	-3.00797960374
13.099869	 	 	67.369709127	6.51596103372	-11.2115406054	0.506268	0.0688865221986	-2.82754370337
13.133202	 	 	67.5791486372	6.03599068972	-12.8720606734	0.506954	-0.0177218438851	-2.46107422124
13.166535	 	 	67.7711348549	5.5705649016	-11.478193463	0.504896	-0.0944688613553	-2.07912179056
13.199868	 	 	67.9456677801	5.25058467226	-8.99347365315	0.5002655	-0.156495314953	-1.70229064286
13.233201	 	 	68.1202007053	4.98878266644	-6.79964786984	0.4940915	-0.205659139925	-1.40692362444
13.266534	 	 	68.277280338	4.78515888414	-4.5330985799	0.486374	-0.247534142008	-1.19921391471
13.299867	 	 	68.4343599707	4.71243610475	-3.26043721389	0.477456	-0.283692420258	-1.05129220629
13.3332	 	 	68.5914396034	4.63971332535	-3.91494877355	0.467509	-0.318993189932	-0.876334887721
13.366533	 	 	68.7485192361	4.45063409893	-4.52097799545	0.455847	-0.343718020514	-0.667910580367
13.399866	 	 	68.8881455762	4.2615548725	-2.99378435623	0.4443565	-0.360725273919	-0.539163908224
13.433199	 	 	69.0277719164	4.21792120487	-0.399979286458	0.431837	-0.377446691134	-0.474969221559
13.466532	 	 	69.1673982565	4.24701031662	1.92717292568	0.419146	-0.392167255006	-0.414943021041
13.499865	 	 	69.3070245967	4.39245587541	3.10286961618	0.405769	-0.407602409357	-0.27547738452
13.533198	 	 	69.4641042294	4.46517865481	3.97555169573	0.391706	-0.414319559862	-0.0101234663572
13.566531	 	 	69.6037305695	4.58153510184	6.67844202546	0.3778145	-0.409460344603	0.330263202453
13.599864	 	 	69.7608102022	4.93060444293	8.8480266399	0.364266	-0.395883125498	0.815236790765
13.633197	 	 	69.9353431274	5.23604011638	9.11467949754	0.350889	-0.36172570059	1.5161379615
13.66653	 	 	70.1098760526	5.54147578984	8.64197670445	0.3393985	-0.299413410801	2.35019248973
13.699863	 	 	70.3018622703	5.89054513093	5.56334825714	0.329966	-0.203658286583	3.10671317562
13.733196	 	 	70.5113017806	5.97781246621	0.32725577983	0.3249925	-0.0806058060581	3.46651307991
13.766529	 	 	70.7032879983	5.91963424269	-5.18761013956	0.3246495	0.0423037563709	3.32538004893
13.799862	 	 	70.9127275085	5.62874312511	-9.99948216153	0.328251	0.150778591119	2.83480877923
13.833195	 	 	71.0872604337	5.10513911347	-10.2297732659	0.335454	0.233814004807	2.2247806065
13.866528	 	 	71.2443400664	4.8142479959	-6.5329950122	0.344372	0.296126294596	1.68883238759
13.899861	 	 	71.4014196991	4.71243610475	-3.47860773377	0.3555195	0.344289692897	1.24208977223
13.933194	 	 	71.5584993318	4.65425788123	-2.01201701674	0.3678675	0.375017083504	0.932192602092
13.966527	 	 	71.7155789644	4.5379014342	0.363617533148	0.3805585	0.401885685524	0.758783578373
13.99986	 	 	71.8552053046	4.59607965771	4.61794267096	0.3946215	0.427039270393	0.561197335002
14.033193	 	 	72.0122849373	4.91605988705	7.02993897417	0.4093705	0.441331079977	0.316685847574
14.066526	 	 	72.1868178625	5.16331733699	6.96933605197	0.424291	0.447333640003	0.0803922328366
14.099859	 	 	72.3613507877	5.32330745166	8.02382689809	0.439383	0.445761540949	-0.168287740738
14.133192	 	 	72.5358837129	5.62874312511	10.2418938503	0.4539605	0.440759407594	-0.584540857425
14.166525	 	 	72.7278699306	6.13780258087	8.61773553558	0.469224	0.417320839875	-1.30473616404
14.199858	 	 	72.9547627334	6.37051547493	2.31503162771	0.482944	0.356294812948	-2.08186108146
14.233191	 	 	73.1642022436	6.2541590279	-3.16347253837	0.4937485	0.268971856385	-2.55659210381
14.266524	 	 	73.3736417538	6.03599068972	-5.06640429518	0.501123	0.172216305496	-2.60137355499
14.299857	 	 	73.5656279716	5.83236690742	-4.2179633845	0.5047245	0.0883233832338	-2.39259194882
14.33319	 	 	73.7576141893	5.75964412802	-3.236196045	0.506611	0.0165784991183	-2.24312194555
14.366523	 	 	73.949600407	5.68692134863	-4.01191344904	0.5060965	-0.0593110097768	-2.13497950493
14.399856	 	 	74.1415866247	5.4978421222	-5.03004254185	0.502495	-0.129197958646	-1.94632573188
14.433189	 	 	74.3161195499	5.2942183399	-4.56946033321	0.4971785	-0.189795231286	-1.74111711383
14.466522	 	 	74.4906524751	5.19240644875	-3.83010468248	0.4896325	-0.243389517228	-1.57735515806
14.499855	 	 	74.6651854003	5.03241633408	-2.76349325192	0.480886	-0.292982096488	-1.45718365742
14.533188	 	 	74.822265033	4.98878266644	-1.24842019714	0.470253	-0.344003856705	-1.25090314294
14.566521	 	 	74.9967979582	4.97423811056	-0.448461624209	0.4573905	-0.379018790188	-0.977807750502
14.599854	 	 	75.1538775909	4.97423811056	-0.157567597685	0.4446995	-0.404601129345	-0.812735699077
14.633187	 	 	75.3284105161	4.97423811057	-0.339376364262	0.4306365	-0.432898912322	-0.648497344882
14.66652	 	 	75.4854901488	4.95969355469	-0.642390975231	0.4155445	-0.451621182878	-0.36956607184
14.699853	 	 	75.660023074	4.93060444293	-0.66663214411	0.400281	-0.460482104821	0.0238199208405
14.733186	 	 	75.8171027066	4.84333710766	1.24842019713	0.384503	-0.454622462891	0.561792833023
14.766519	 	 	75.9741823393	4.98878266644	3.86646643579	0.3692395	-0.424180908476	1.13227993715
14.799852	 	 	76.1487152645	5.17786189287	4.55733974877	0.355691	-0.3751600016	1.60724915871
14.833185	 	 	76.3232481897	5.2942183399	4.89429199614	0.344029	-0.314848565152	2.02914759664
14.866518	 	 	76.4977811149	5.4978421222	4.99852902232	0.3345965	-0.244961616283	2.54035882776
14.899851	 	 	76.6897673326	5.68692134863	3.48103185066	0.3267075	-0.144776031094	2.94987090685
14.933184	 	 	76.8817535504	5.74219066097	1.66536830182	0.324135	-0.029669796698	2.83048546359
14.966517	 	 	77.0737397681	5.75964412802	0.700569780542	0.32585	0.0570957792911	2.35488501413
14.99985	 	 	77.2657259858	5.75964412802	0.208474052355	0.330652	0.111190278569	1.9423478051
